37.90625 -119.59375   0.19669100         2688   144397   1 0.0
37.90625 -119.53125   0.35733319         2840   144512   2 0.0
37.84375 -120.09375   0.13320935          989    89402   3 0.0
37.84375 -120.03125   0.02923267          996    86302   4 0.0
37.84375 -119.71875   0.00010914         2454   122103   5 0.0
37.84375 -119.65625   0.50690857         2578   122065   6 0.0
37.84375 -119.59375   1.18371066         2426   134748   7 0.0
37.84375 -119.53125   1.38276761         2787   139558   8 0.0
37.84375 -119.46875   1.17854408         2702   142517   9 0.0
37.84375 -119.40625   0.78185099         2984   148960  10 0.0
37.84375 -119.34375   0.12364620         3129   159129  11 0.0
37.78125 -120.28125   0.00092363          708    40467  12 0.0
37.78125 -120.21875   0.28226213          789    38601  13 0.0
37.78125 -120.15625   0.83735408         1023    44040  14 0.0
37.78125 -120.09375   1.21796415          957    79012  15 0.0
37.78125 -120.03125   1.31255315          998    76852  16 0.0
37.78125 -119.96875   0.70957821         1264    81991  17 0.0
37.78125 -119.90625   0.26687772         1459    85496  18 0.0
37.78125 -119.84375   0.33827442         1746    91261  19 0.0
37.78125 -119.78125   0.35921924         2033   104667  20 0.0
37.78125 -119.71875   0.86415266         2182   110448  21 0.0
37.78125 -119.65625   1.40024990         2466   114404  22 0.0
37.78125 -119.59375   1.40024990         2242   125119  23 0.0
37.78125 -119.53125   1.40024990         2245   129542  24 0.0
37.78125 -119.46875   1.40024990         2626   137404  25 0.0
37.78125 -119.40625   1.40024990         2800   147813  26 0.0
37.78125 -119.34375   1.24355222         3165   155182  27 0.0
37.78125 -119.28125   0.16731200         3512   163376  28 0.0
37.71875 -120.34375   0.32979838          380    24339  29 0.0
37.71875 -120.28125   1.12633934          489    24380  30 0.0
37.71875 -120.21875   1.39986225          548    28432  31 0.0
37.71875 -120.15625   1.40143307          842    36936  32 0.0
37.71875 -120.09375   1.40143307          926    48878  33 0.0
37.71875 -120.03125   1.40143307          845    65219  34 0.0
37.71875 -119.96875   1.40143307         1016    72921  35 0.0
37.71875 -119.90625   1.40143307         1163    79284  36 0.0
37.71875 -119.84375   1.40143307         1468    84205  37 0.0
37.71875 -119.78125   1.40143307         1546    94923  38 0.0
37.71875 -119.71875   1.40143307         1603   102286  39 0.0
37.71875 -119.65625   1.40143307         1906   111049  40 0.0
37.71875 -119.59375   1.40143307         1919   120073  41 0.0
37.71875 -119.53125   1.40143307         2041   128724  42 0.0
37.71875 -119.46875   1.40143307         2474   138129  43 0.0
37.71875 -119.40625   1.40143307         2719   146748  44 0.0
37.71875 -119.34375   1.40143307         2971   154904  45 0.0
37.71875 -119.28125   0.97425256         3377   162961  46 0.0
37.65625 -120.34375   0.02073590          353    20661  47 0.0
37.65625 -120.28125   1.33184191          353    15039  48 0.0
37.65625 -120.21875   1.40261457          487    16887  49 0.0
37.65625 -120.15625   1.40261457          639    32481  50 0.0
37.65625 -120.09375   1.40261457          751    43843  51 0.0
37.65625 -120.03125   1.40261457          709    53794  52 0.0
37.65625 -119.96875   1.40261457          885    59805  53 0.0
37.65625 -119.90625   1.40261457          764    70799  54 0.0
37.65625 -119.84375   1.40261457          876    83342  55 0.0
37.65625 -119.78125   1.40261457         1148    92964  56 0.0
37.65625 -119.71875   1.40261457         1648   101576  57 0.0
37.65625 -119.65625   1.40261457         2153   109971  58 0.0
37.65625 -119.59375   1.40261457         2232   122972  59 0.0
37.65625 -119.53125   1.40261457         2332   135532  60 0.0
37.65625 -119.46875   1.40261457         2510   142642  61 0.0
37.65625 -119.40625   1.40261457         3111   151383  62 0.0
37.65625 -119.34375   1.16552938         2983   160797  63 0.0
37.65625 -119.28125   0.15448848         3225   166144  64 0.0
37.59375 -120.28125   1.04605293          290     6689  65 0.0
37.59375 -120.21875   1.35696088          446    12978  66 0.0
37.59375 -120.15625   1.24902353          600    21187  67 0.0
37.59375 -120.09375   1.16703841          579    41497  68 0.0
37.59375 -120.03125   1.40379440          629    50432  69 0.0
37.59375 -119.96875   1.40379440          717    59345  70 0.0
37.59375 -119.90625   1.38531343         1066    69859  71 0.0
37.59375 -119.84375   1.40340540         1051    82476  72 0.0
37.59375 -119.78125   1.40379440         1166    96643  73 0.0
37.59375 -119.71875   1.40379440         1361   105661  74 0.0
37.59375 -119.65625   1.40379440         1918   114890  75 0.0
37.59375 -119.59375   1.40379440         2337   126549  76 0.0
37.59375 -119.53125   1.40379440         2642   135647  77 0.0
37.59375 -119.46875   1.40379440         2703   146666  78 0.0
37.59375 -119.40625   1.25459993         2847   153396  79 0.0
37.59375 -119.34375   0.00978182         3282   164758  80 0.0
37.53125 -120.28125   0.80524407          251        0  81 0.0
37.53125 -120.21875   0.04152374          344    11140  82 0.0
37.53125 -120.15625   0.01170333          875    25940  83 0.0
37.53125 -120.09375   0.05737719         1156    54328  84 0.0
37.53125 -120.03125   0.63429122          978    55593  85 0.0
37.53125 -119.96875   0.56456385          960    60987  86 0.0
37.53125 -119.90625   0.87226203          944    73908  87 0.0
37.53125 -119.84375   0.33055174         1200   102443  88 0.0
37.53125 -119.78125   1.01096064         1379   102459  89 0.0
37.53125 -119.71875   1.12598252         1669   111129  90 0.0
37.53125 -119.65625   1.40497256         1426   119780  91 0.0
37.53125 -119.59375   1.40497256         1861   128121  92 0.0
37.53125 -119.53125   1.40497256         2262   135992  93 0.0
37.53125 -119.46875   1.25941065         2430   143633  94 0.0
37.53125 -119.40625   0.22337149         2743   151498  95 0.0
37.46875 -119.71875   0.03377580         1839   130125  96 0.0
37.46875 -119.65625   0.47528050         1671   128681  97 0.0
37.46875 -119.59375   0.97199487         1866   132423  98 0.0
37.46875 -119.53125   0.82690757         2322   144320  99 0.0
37.46875 -119.46875   0.20255784         2577   145886 100 0.0
